63 15 12
68 39 5
215 91 1
211 127 1
215 162 1
214 293 1
212 332 1
212 382 1
55 391 1
85 393 1
115 398 1
109 429 1
115 456 1
83 463 1
58 439 1
78 430 1
66 463 1
302 389 1
341 392 1
374 392 1
417 434 1
462 441 1
494 438 1
495 475 1
454 475 1
424 480 1
460 514 1
494 512 1
422 514 1
487 340 1
487 340 1
485 290 1
479 247 1
498 249 1
522 252 1
551 251 1
503 281 1
518 336 1
518 336 1
528 275 1
538 330 1
552 280 1
559 332 1
616 244 1
663 251 1
714 252 1
769 329 1
770 370 1
772 406 1
896 444 1
1049 451 1
1242 449 1
1413 445 1
1428 571 1
1245 562 1
1053 561 1
895 559 1
892 671 1
1046 665 1
1253 669 1
1440 673 1
1448 753 1
1258 759 1
1052 755 1
898 766 1
816 377 630
834 798 665
1415 380 80
441 203 375
246 350 185
147 415 245
41 348 150
36 489 120
393 534 130
391 416 80
526 362 75
593 270 150
722 447 100
114 38 150
111 115 65
173 115 235
259 46 310
148 418 80
434 209 145
598 271 100
527 371 175
739 274 180
813 209 170
815 445 365
1489 383 420
381 420 125
36 353 140
